2019-11-09 17:37:41,639 INFO  [oasis_chain::blockchain] Mined block number 146 containing transaction 0x9c7c6a191a34acde1cdd834210df0e4c5ef5fe28983d663b7dc67a8d3ecd9f48. Gas used: 0x6484c8
2019-11-09 17:37:43,311 INFO  [state] call_type: TransactionExecuted, sender: 0xb8b3666d8fea887d97ab54f571b8e5020c5c8b58, transaction_hash: 0x564ff625bdb09cb0d7075562b1ed0c8fc170ebbf5d785488c7165dd1da701942, success: true, error: None
2019-11-09 17:37:43,311 INFO  [oasis_chain::blockchain] Mined block number 147 containing transaction 0x564ff625bdb09cb0d7075562b1ed0c8fc170ebbf5d785488c7165dd1da701942. Gas used: 0x4557e3
í®“í°°19-11-09 17:37:43,551 INFO  [state] call_type: TransactionExecuted, sender: 0xb8b3666d8fea887d97ab54f571b8e5020c5c8b58, transaction_hash: 0x5cfba68109627d68e8dbe84a5ac681805bada7341fac99d64ccfc54e2ca98992, success: true, error: None
2019-11-09 17:37:43,551 INFO  [oasis_chain::blockchain] Mined block number 148 containing transaction 0x5cfba68109627d68e8dbe84a5ac681805bada7341fac99d64ccfc54e2ca98992. Gas used: 0x2e43f
x*0xb65dc082a4f88256efa1a2a58797409a61bedbcfx*0xb65dc082a4f88256efa1a2a58797409a61bedbcf2019-11-09 17:37:43,661 INFO  [state] call_type: TransactionExecuted, sender: 0xb8b3666d8fea887d97ab54f571b8e5020c5c8b58, transaction_hash: 0x5e77f9f73f95aeb2e4af0b6be564495366dd5b1669b50c0105f25052375ec7f7, success: true, error: None
2019-11-09 17:37:43,661 INFO  [oasis_chain::blockchain] Mined block number 149 containing transaction 0x5e77f9f73f95aeb2e4af0b6be564495366dd5b1669b50c0105f25052375ec7f7. Gas used: 0x2f472
vm error: Reverted
x2Only the amdin can register the public_parameters.í¢‚í¾±9-11-09 17:37:44,210 INFO  [state] call_type: TransactionExecuted, sender: 0xb8b3666d8fea887d97ab54f571b8e5020c5c8b58, transaction_hash: 0xdc30e69aef876bf742ddb4688f804bba0a1991a989f5614d6ffac9f1f97125a2, success: true, error: None
2019-11-09 17:37:44,210 INFO  [oasis_chain::blockchain] Mined block number 150 containing transaction 0xdc30e69aef876bf742ddb4688f804bba0a1991a989f5614d6ffac9f1f97125a2. Gas used: 0x5115c
í®“í°°19-11-09 17:37:44,329 INFO  [state] call_type: TransactionExecuted, sender: 0xb8b3666d8fea887d97ab54f571b8e5020c5c8b58, transaction_hash: 0x151403a571fe0ccd6e52d6991e69c9a900e8cab9f6ea268aae15fd39c4aa2988, success: true, error: None
2019-11-09 17:37:44,330 INFO  [oasis_chain::blockchain] Mined block number 151 containing transaction 0x151403a571fe0ccd6e52d6991e69c9a900e8cab9f6ea268aae15fd39c4aa2988. Gas used: 0x71f77
yAProof { root_hash: "[72, 21, 131, 26, 73, 174, 157, 252, 179, 127, 0, 217, 163, 252, 115, 108, 116, 25, 103, 194, 186, 107, 110, 195, 143, 158, 12, 132, 101, 250, 97, 64, 208, 47, 155, 21, 243, 19, 27, 106, 132, 157, 139, 171, 62, 63, 226, 172, 243, 233, 243, 176, 153, 8, 124, 90, 138, 78, 40, 29, 25, 243, 36, 95]", value: "typexs", path: [Left("[179, 46, 97, 226, 12, 122, 66, 217, 108, 0, 158, 118, 22, 92, 235, 132, 9, 255, 179, 246, 85, 184, 237, 196, 9, 41, 12, 95, 229, 99, 30, 128, 7, 110, 123, 219, 28, 192, 53, 233, 27, 157, 162, 128, 221, 240, 202, 186, 72, 220, 227, 72, 64, 205, 153, 155, 191, 222, 28, 253, 6, 12, 221, 183]"), Right("[175, 13, 171, 191, 254, 201, 21, 15, 107, 245, 163, 99, 10, 14, 88, 87, 204, 9, 63, 95, 235, 242, 88, 221, 83, 73, 199, 240, 244, 138, 114, 18, 55, 143, 114, 101, 169, 73, 56, 3, 1, 7, 227, 232, 139, 150, 189, 35, 19, 190, 172, 206, 47, 77, 51, 36, 215, 129, 146, 71, 45, 198, 185, 95]"), Left("[185, 249, 152, 192, 59, 153, 3, 98, 91, 224, 163, 202, 244, 163, 212, 241, 51, 195, 106, 119, 48, 6, 187, 168, 157, 74, 127, 230, 93, 27, 179, 61, 189, 5, 7, 130, 104, 243, 241, 240, 248, 155, 11, 228, 40, 73, 165, 159, 92, 202, 114, 217, 215, 166, 43, 211, 88, 110, 53, 155, 113, 5, 114, 22]"), Left("[229, 71, 239, 242, 147, 193, 207, 102, 123, 160, 84, 227, 101, 34, 22, 209, 63, 96, 150, 135, 248, 157, 52, 215, 142, 113, 115, 97, 231, 202, 175, 56, 78, 54, 202, 19, 218, 93, 39, 252, 88, 122, 77, 88, 35, 174, 72, 118, 242, 7, 10, 105, 137, 155, 248, 211, 43, 58, 26, 177, 118, 222, 20, 15]"), Left("[231, 85, 164, 138, 149, 153, 111, 142, 71, 230, 58, 46, 230, 224, 124, 28, 153, 196, 110, 23, 85, 101, 219, 13, 38, 90, 128, 222, 129, 255, 202, 174, 218, 157, 134, 97, 42, 133, 197, 23, 117, 224, 210, 126, 199, 114, 106, 252, 3, 213, 171, 44, 57, 132, 103, 161, 108, 24, 145, 209, 154, 252, 215, 39]")] }yAProof { root_hash: "[72, 21, 131, 26, 73, 174, 157, 252, 179, 127, 0, 217, 163, 252, 115, 108, 116, 25, 103, 194, 186, 107, 110, 195, 143, 158, 12, 132, 101, 250, 97, 64, 208, 47, 155, 21, 243, 19, 27, 106, 132, 157, 139, 171, 62, 63, 226, 172, 243, 233, 243, 176, 153, 8, 124, 90, 138, 78, 40, 29, 25, 243, 36, 95]", value: "typexs", path: [Left("[179, 46, 97, 226, 12, 122, 66, 217, 108, 0, 158, 118, 22, 92, 235, 132, 9, 255, 179, 246, 85, 184, 237, 196, 9, 41, 12, 95, 229, 99, 30, 128, 7, 110, 123, 219, 28, 192, 53, 233, 27, 157, 162, 128, 221, 240, 202, 186, 72, 220, 227, 72, 64, 205, 153, 155, 191, 222, 28, 253, 6, 12, 221, 183]"), Right("[175, 13, 171, 191, 254, 201, 21, 15, 107, 245, 163, 99, 10, 14, 88, 87, 204, 9, 63, 95, 235, 242, 88, 221, 83, 73, 199, 240, 244, 138, 114, 18, 55, 143, 114, 101, 169, 73, 56, 3, 1, 7, 227, 232, 139, 150, 189, 35, 19, 190, 172, 206, 47, 77, 51, 36, 215, 129, 146, 71, 45, 198, 185, 95]"), Left("[185, 249, 152, 192, 59, 153, 3, 98, 91, 224, 163, 202, 244, 163, 212, 241, 51, 195, 106, 119, 48, 6, 187, 168, 157, 74, 127, 230, 93, 27, 179, 61, 189, 5, 7, 130, 104, 243, 241, 240, 248, 155, 11, 228, 40, 73, 165, 159, 92, 202, 114, 217, 215, 166, 43, 211, 88, 110, 53, 155, 113, 5, 114, 22]"), Left("[229, 71, 239, 242, 147, 193, 207, 102, 123, 160, 84, 227, 101, 34, 22, 209, 63, 96, 150, 135, 248, 157, 52, 215, 142, 113, 115, 97, 231, 202, 175, 56, 78, 54, 202, 19, 218, 93, 39, 252, 88, 122, 77, 88, 35, 174, 72, 118, 242, 7, 10, 105, 137, 155, 248, 211, 43, 58, 26, 177, 118, 222, 20, 15]"), Left("[231, 85, 164, 138, 149, 153, 111, 142, 71, 230, 58, 46, 230, 224, 124, 28, 153, 196, 110, 23, 85, 101, 219, 13, 38, 90, 128, 222, 129, 255, 202, 174, 218, 157, 134, 97, 42, 133, 197, 23, 117, 224, 210, 126, 199, 114, 106, 252, 3, 213, 171, 44, 57, 132, 103, 161, 108, 24, 145, 209, 154, 252, 215, 39]")] }2019-11-09 17:37:44,547 INFO  [state] call_type: TransactionExecuted, sender: 0xb8b3666d8fea887d97ab54f571b8e5020c5c8b58, transaction_hash: 0x95ecd142ca344910923cfe7d55d798f2df880a24801946ffa2ddad353cad6e1c, success: true, error: None
2019-11-09 17:37:44,547 INFO  [oasis_chain::blockchain] Mined block number 152 containing transaction 0x95ecd142ca344910923cfe7d55d798f2df880a24801946ffa2ddad353cad6e1c. Gas used: 0xb92833
yAProof { root_hash: "[72, 21, 131, 26, 73, 174, 157, 252, 179, 127, 0, 217, 163, 252, 115, 108, 116, 25, 103, 194, 186, 107, 110, 195, 143, 158, 12, 132, 101, 250, 97, 64, 208, 47, 155, 21, 243, 19, 27, 106, 132, 157, 139, 171, 62, 63, 226, 172, 243, 233, 243, 176, 153, 8, 124, 90, 138, 78, 40, 29, 25, 243, 36, 95]", value: "typexs", path: [Left("[179, 46, 97, 226, 12, 122, 66, 217, 108, 0, 158, 118, 22, 92, 235, 132, 9, 255, 179, 246, 85, 184, 237, 196, 9, 41, 12, 95, 229, 99, 30, 128, 7, 110, 123, 219, 28, 192, 53, 233, 27, 157, 162, 128, 221, 240, 202, 186, 72, 220, 227, 72, 64, 205, 153, 155, 191, 222, 28, 253, 6, 12, 221, 183]"), Right("[175, 13, 171, 191, 254, 201, 21, 15, 107, 245, 163, 99, 10, 14, 88, 87, 204, 9, 63, 95, 235, 242, 88, 221, 83, 73, 199, 240, 244, 138, 114, 18, 55, 143, 114, 101, 169, 73, 56, 3, 1, 7, 227, 232, 139, 150, 189, 35, 19, 190, 172, 206, 47, 77, 51, 36, 215, 129, 146, 71, 45, 198, 185, 95]"), Left("[185, 249, 152, 192, 59, 153, 3, 98, 91, 224, 163, 202, 244, 163, 212, 241, 51, 195, 106, 119, 48, 6, 187, 168, 157, 74, 127, 230, 93, 27, 179, 61, 189, 5, 7, 130, 104, 243, 241, 240, 248, 155, 11, 228, 40, 73, 165, 159, 92, 202, 114, 217, 215, 166, 43, 211, 88, 110, 53, 155, 113, 5, 114, 22]"), Left("[229, 71, 239, 242, 147, 193, 207, 102, 123, 160, 84, 227, 101, 34, 22, 209, 63, 96, 150, 135, 248, 157, 52, 215, 142, 113, 115, 97, 231, 202, 175, 56, 78, 54, 202, 19, 218, 93, 39, 252, 88, 122, 77, 88, 35, 174, 72, 118, 242, 7, 10, 105, 137, 155, 248, 211, 43, 58, 26, 177, 118, 222, 20, 15]"), Left("[231, 85, 164, 138, 149, 153, 111, 142, 71, 230, 58, 46, 230, 224, 124, 28, 153, 196, 110, 23, 85, 101, 219, 13, 38, 90, 128, 222, 129, 255, 202, 174, 218, 157, 134, 97, 42, 133, 197, 23, 117, 224, 210, 126, 199, 114, 106, 252, 3, 213, 171, 44, 57, 132, 103, 161, 108, 24, 145, 209, 154, 252, 215, 39]")] }yAProof { root_hash: "[72, 21, 131, 26, 73, 174, 157, 252, 179, 127, 0, 217, 163, 252, 115, 108, 116, 25, 103, 194, 186, 107, 110, 195, 143, 158, 12, 132, 101, 250, 97, 64, 208, 47, 155, 21, 243, 19, 27, 106, 132, 157, 139, 171, 62, 63, 226, 172, 243, 233, 243, 176, 153, 8, 124, 90, 138, 78, 40, 29, 25, 243, 36, 95]", value: "typexs", path: [Left("[179, 46, 97, 226, 12, 122, 66, 217, 108, 0, 158, 118, 22, 92, 235, 132, 9, 255, 179, 246, 85, 184, 237, 196, 9, 41, 12, 95, 229, 99, 30, 128, 7, 110, 123, 219, 28, 192, 53, 233, 27, 157, 162, 128, 221, 240, 202, 186, 72, 220, 227, 72, 64, 205, 153, 155, 191, 222, 28, 253, 6, 12, 221, 183]"), Right("[175, 13, 171, 191, 254, 201, 21, 15, 107, 245, 163, 99, 10, 14, 88, 87, 204, 9, 63, 95, 235, 242, 88, 221, 83, 73, 199, 240, 244, 138, 114, 18, 55, 143, 114, 101, 169, 73, 56, 3, 1, 7, 227, 232, 139, 150, 189, 35, 19, 190, 172, 206, 47, 77, 51, 36, 215, 129, 146, 71, 45, 198, 185, 95]"), Left("[185, 249, 152, 192, 59, 153, 3, 98, 91, 224, 163, 202, 244, 163, 212, 241, 51, 195, 106, 119, 48, 6, 187, 168, 157, 74, 127, 230, 93, 27, 179, 61, 189, 5, 7, 130, 104, 243, 241, 240, 248, 155, 11, 228, 40, 73, 165, 159, 92, 202, 114, 217, 215, 166, 43, 211, 88, 110, 53, 155, 113, 5, 114, 22]"), Left("[229, 71, 239, 242, 147, 193, 207, 102, 123, 160, 84, 227, 101, 34, 22, 209, 63, 96, 150, 135, 248, 157, 52, 215, 142, 113, 115, 97, 231, 202, 175, 56, 78, 54, 202, 19, 218, 93, 39, 252, 88, 122, 77, 88, 35, 174, 72, 118, 242, 7, 10, 105, 137, 155, 248, 211, 43, 58, 26, 177, 118, 222, 20, 15]"), Left("[231, 85, 164, 138, 149, 153, 111, 142, 71, 230, 58, 46, 230, 224, 124, 28, 153, 196, 110, 23, 85, 101, 219, 13, 38, 90, 128, 222, 129, 255, 202, 174, 218, 157, 134, 97, 42, 133, 197, 23, 117, 224, 210, 126, 199, 114, 106, 252, 3, 213, 171, 44, 57, 132, 103, 161, 108, 24, 145, 209, 154, 252, 215, 39]")] }2019-11-09 17:37:44,656 INFO  [state] call_type: TransactionExecuted, sender: 0xb8b3666d8fea887d97ab54f571b8e5020c5c8b58, transaction_hash: 0xe81e8dcdb0e383bcad226c8a63ea38336e3ddf0cdb791a75fa2aea6edc07fc31, success: true, error: None
2019-11-09 17:37:44,656 INFO  [oasis_chain::blockchain] Mined block number 153 containing transaction 0xe81e8dcdb0e383bcad226c8a63ea38336e3ddf0cdb791a75fa2aea6edc07fc31. Gas used: 0x90d3c
2019-11-09 17:38:19,001 INFO  [ws::io] Accepted a new tcp connection from 127.0.0.1:33976.
2019-11-09 17:38:20,994 INFO  [state] call_type: TransactionExecuted, sender: 0xb8b3666d8fea887d97ab54f571b8e5020c5c8b58, transaction_hash: 0x864742126f55a24c2af790d2b3f050c71348c46453d43ed23a67d3a9ff666ae4, success: true, error: None
2019-11-09 17:38:20,994 INFO  [oasis_chain::blockchain] Mined block number 154 containing transaction 0x864742126f55a24c2af790d2b3f050c71348c46453d43ed23a67d3a9ff666ae4. Gas used: 0x6484c8
2019-11-09 17:38:22,586 INFO  [state] call_type: TransactionExecuted, sender: 0xb8b3666d8fea887d97ab54f571b8e5020c5c8b58, transaction_hash: 0x278c8c663589abb96f3b8db74465114b699647319dee7af9308d39ee53b4343f, success: true, error: None
2019-11-09 17:38:22,586 INFO  [oasis_chain::blockchain] Mined block number 155 containing transaction 0x278c8c663589abb96f3b8db74465114b699647319dee7af9308d39ee53b4343f. Gas used: 0x4557e3
í®“í°°19-11-09 17:38:22,826 INFO  [state] call_type: TransactionExecuted, sender: 0xb8b3666d8fea887d97ab54f571b8e5020c5c8b58, transaction_hash: 0x48ae5a8bf0243b35b5ae8b6ea1a16f91fb877c3e19e5afd4b77b3ecd6c655f3d, success: true, error: None
2019-11-09 17:38:22,826 INFO  [oasis_chain::blockchain] Mined block number 156 containing transaction 0x48ae5a8bf0243b35b5ae8b6ea1a16f91fb877c3e19e5afd4b77b3ecd6c655f3d. Gas used: 0x2e43f
x*0x1417f47929ea69f631fb93f62f3ea2fce4e38c63x*0x1417f47929ea69f631fb93f62f3ea2fce4e38c632019-11-09 17:38:22,932 INFO  [state] call_type: TransactionExecuted, sender: 0xb8b3666d8fea887d97ab54f571b8e5020c5c8b58, transaction_hash: 0xa04ad3e0c641d2f842ea22fe5da9f9c3f95eeb4669d354b31415db520560bd0c, success: true, error: None
2019-11-09 17:38:22,932 INFO  [oasis_chain::blockchain] Mined block number 157 containing transaction 0xa04ad3e0c641d2f842ea22fe5da9f9c3f95eeb4669d354b31415db520560bd0c. Gas used: 0x2f472
vm error: Reverted
x2Only the amdin can register the public_parameters.í¢‚í¾±9-11-09 17:38:23,488 INFO  [state] call_type: TransactionExecuted, sender: 0xb8b3666d8fea887d97ab54f571b8e5020c5c8b58, transaction_hash: 0x04a189a0b94eebd2dd02642ac6b940e7a088d98b27c09bc11cbd215a9ea1687c, success: true, error: None
2019-11-09 17:38:23,488 INFO  [oasis_chain::blockchain] Mined block number 158 containing transaction 0x04a189a0b94eebd2dd02642ac6b940e7a088d98b27c09bc11cbd215a9ea1687c. Gas used: 0x5115c
í®“í°°19-11-09 17:38:23,610 INFO  [state] call_type: TransactionExecuted, sender: 0xb8b3666d8fea887d97ab54f571b8e5020c5c8b58, transaction_hash: 0xc880377c73c4e87dd7531e4109bf30c5ad9a1f06450350ffbc92aced5f5f503a, success: true, error: None
2019-11-09 17:38:23,610 INFO  [oasis_chain::blockchain] Mined block number 159 containing transaction 0xc880377c73c4e87dd7531e4109bf30c5ad9a1f06450350ffbc92aced5f5f503a. Gas used: 0x71f77
yAProof { root_hash: "[72, 21, 131, 26, 73, 174, 157, 252, 179, 127, 0, 217, 163, 252, 115, 108, 116, 25, 103, 194, 186, 107, 110, 195, 143, 158, 12, 132, 101, 250, 97, 64, 208, 47, 155, 21, 243, 19, 27, 106, 132, 157, 139, 171, 62, 63, 226, 172, 243, 233, 243, 176, 153, 8, 124, 90, 138, 78, 40, 29, 25, 243, 36, 95]", value: "typexs", path: [Left("[179, 46, 97, 226, 12, 122, 66, 217, 108, 0, 158, 118, 22, 92, 235, 132, 9, 255, 179, 246, 85, 184, 237, 196, 9, 41, 12, 95, 229, 99, 30, 128, 7, 110, 123, 219, 28, 192, 53, 233, 27, 157, 162, 128, 221, 240, 202, 186, 72, 220, 227, 72, 64, 205, 153, 155, 191, 222, 28, 253, 6, 12, 221, 183]"), Right("[175, 13, 171, 191, 254, 201, 21, 15, 107, 245, 163, 99, 10, 14, 88, 87, 204, 9, 63, 95, 235, 242, 88, 221, 83, 73, 199, 240, 244, 138, 114, 18, 55, 143, 114, 101, 169, 73, 56, 3, 1, 7, 227, 232, 139, 150, 189, 35, 19, 190, 172, 206, 47, 77, 51, 36, 215, 129, 146, 71, 45, 198, 185, 95]"), Left("[185, 249, 152, 192, 59, 153, 3, 98, 91, 224, 163, 202, 244, 163, 212, 241, 51, 195, 106, 119, 48, 6, 187, 168, 157, 74, 127, 230, 93, 27, 179, 61, 189, 5, 7, 130, 104, 243, 241, 240, 248, 155, 11, 228, 40, 73, 165, 159, 92, 202, 114, 217, 215, 166, 43, 211, 88, 110, 53, 155, 113, 5, 114, 22]"), Left("[229, 71, 239, 242, 147, 193, 207, 102, 123, 160, 84, 227, 101, 34, 22, 209, 63, 96, 150, 135, 248, 157, 52, 215, 142, 113, 115, 97, 231, 202, 175, 56, 78, 54, 202, 19, 218, 93, 39, 252, 88, 122, 77, 88, 35, 174, 72, 118, 242, 7, 10, 105, 137, 155, 248, 211, 43, 58, 26, 177, 118, 222, 20, 15]"), Left("[231, 85, 164, 138, 149, 153, 111, 142, 71, 230, 58, 46, 230, 224, 124, 28, 153, 196, 110, 23, 85, 101, 219, 13, 38, 90, 128, 222, 129, 255, 202, 174, 218, 157, 134, 97, 42, 133, 197, 23, 117, 224, 210, 126, 199, 114, 106, 252, 3, 213, 171, 44, 57, 132, 103, 161, 108, 24, 145, 209, 154, 252, 215, 39]")] }yAProof { root_hash: "[72, 21, 131, 26, 73, 174, 157, 252, 179, 127, 0, 217, 163, 252, 115, 108, 116, 25, 103, 194, 186, 107, 110, 195, 143, 158, 12, 132, 101, 250, 97, 64, 208, 47, 155, 21, 243, 19, 27, 106, 132, 157, 139, 171, 62, 63, 226, 172, 243, 233, 243, 176, 153, 8, 124, 90, 138, 78, 40, 29, 25, 243, 36, 95]", value: "typexs", path: [Left("[179, 46, 97, 226, 12, 122, 66, 217, 108, 0, 158, 118, 22, 92, 235, 132, 9, 255, 179, 246, 85, 184, 237, 196, 9, 41, 12, 95, 229, 99, 30, 128, 7, 110, 123, 219, 28, 192, 53, 233, 27, 157, 162, 128, 221, 240, 202, 186, 72, 220, 227, 72, 64, 205, 153, 155, 191, 222, 28, 253, 6, 12, 221, 183]"), Right("[175, 13, 171, 191, 254, 201, 21, 15, 107, 245, 163, 99, 10, 14, 88, 87, 204, 9, 63, 95, 235, 242, 88, 221, 83, 73, 199, 240, 244, 138, 114, 18, 55, 143, 114, 101, 169, 73, 56, 3, 1, 7, 227, 232, 139, 150, 189, 35, 19, 190, 172, 206, 47, 77, 51, 36, 215, 129, 146, 71, 45, 198, 185, 95]"), Left("[185, 249, 152, 192, 59, 153, 3, 98, 91, 224, 163, 202, 244, 163, 212, 241, 51, 195, 106, 119, 48, 6, 187, 168, 157, 74, 127, 230, 93, 27, 179, 61, 189, 5, 7, 130, 104, 243, 241, 240, 248, 155, 11, 228, 40, 73, 165, 159, 92, 202, 114, 217, 215, 166, 43, 211, 88, 110, 53, 155, 113, 5, 114, 22]"), Left("[229, 71, 239, 242, 147, 193, 207, 102, 123, 160, 84, 227, 101, 34, 22, 209, 63, 96, 150, 135, 248, 157, 52, 215, 142, 113, 115, 97, 231, 202, 175, 56, 78, 54, 202, 19, 218, 93, 39, 252, 88, 122, 77, 88, 35, 174, 72, 118, 242, 7, 10, 105, 137, 155, 248, 211, 43, 58, 26, 177, 118, 222, 20, 15]"), Left("[231, 85, 164, 138, 149, 153, 111, 142, 71, 230, 58, 46, 230, 224, 124, 28, 153, 196, 110, 23, 85, 101, 219, 13, 38, 90, 128, 222, 129, 255, 202, 174, 218, 157, 134, 97, 42, 133, 197, 23, 117, 224, 210, 126, 199, 114, 106, 252, 3, 213, 171, 44, 57, 132, 103, 161, 108, 24, 145, 209, 154, 252, 215, 39]")] }2019-11-09 17:38:23,830 INFO  [state] call_type: TransactionExecuted, sender: 0xb8b3666d8fea887d97ab54f571b8e5020c5c8b58, transaction_hash: 0x4a6a7b1a1ab4e2350b357f236078fe8dbb118fdf786bd7e5fe5965b0f7341dfe, success: true, error: None
2019-11-09 17:38:23,830 INFO  [oasis_chain::blockchain] Mined block number 160 containing transaction 0x4a6a7b1a1ab4e2350b357f236078fe8dbb118fdf786bd7e5fe5965b0f7341dfe. Gas used: 0xb92833
yAProof { root_hash: "[72, 21, 131, 26, 73, 174, 157, 252, 179, 127, 0, 217, 163, 252, 115, 108, 116, 25, 103, 194, 186, 107, 110, 195, 143, 158, 12, 132, 101, 250, 97, 64, 208, 47, 155, 21, 243, 19, 27, 106, 132, 157, 139, 171, 62, 63, 226, 172, 243, 233, 243, 176, 153, 8, 124, 90, 138, 78, 40, 29, 25, 243, 36, 95]", value: "typexs", path: [Left("[179, 46, 97, 226, 12, 122, 66, 217, 108, 0, 158, 118, 22, 92, 235, 132, 9, 255, 179, 246, 85, 184, 237, 196, 9, 41, 12, 95, 229, 99, 30, 128, 7, 110, 123, 219, 28, 192, 53, 233, 27, 157, 162, 128, 221, 240, 202, 186, 72, 220, 227, 72, 64, 205, 153, 155, 191, 222, 28, 253, 6, 12, 221, 183]"), Right("[175, 13, 171, 191, 254, 201, 21, 15, 107, 245, 163, 99, 10, 14, 88, 87, 204, 9, 63, 95, 235, 242, 88, 221, 83, 73, 199, 240, 244, 138, 114, 18, 55, 143, 114, 101, 169, 73, 56, 3, 1, 7, 227, 232, 139, 150, 189, 35, 19, 190, 172, 206, 47, 77, 51, 36, 215, 129, 146, 71, 45, 198, 185, 95]"), Left("[185, 249, 152, 192, 59, 153, 3, 98, 91, 224, 163, 202, 244, 163, 212, 241, 51, 195, 106, 119, 48, 6, 187, 168, 157, 74, 127, 230, 93, 27, 179, 61, 189, 5, 7, 130, 104, 243, 241, 240, 248, 155, 11, 228, 40, 73, 165, 159, 92, 202, 114, 217, 215, 166, 43, 211, 88, 110, 53, 155, 113, 5, 114, 22]"), Left("[229, 71, 239, 242, 147, 193, 207, 102, 123, 160, 84, 227, 101, 34, 22, 209, 63, 96, 150, 135, 248, 157, 52, 215, 142, 113, 115, 97, 231, 202, 175, 56, 78, 54, 202, 19, 218, 93, 39, 252, 88, 122, 77, 88, 35, 174, 72, 118, 242, 7, 10, 105, 137, 155, 248, 211, 43, 58, 26, 177, 118, 222, 20, 15]"), Left("[231, 85, 164, 138, 149, 153, 111, 142, 71, 230, 58, 46, 230, 224, 124, 28, 153, 196, 110, 23, 85, 101, 219, 13, 38, 90, 128, 222, 129, 255, 202, 174, 218, 157, 134, 97, 42, 133, 197, 23, 117, 224, 210, 126, 199, 114, 106, 252, 3, 213, 171, 44, 57, 132, 103, 161, 108, 24, 145, 209, 154, 252, 215, 39]")] }yAProof { root_hash: "[72, 21, 131, 26, 73, 174, 157, 252, 179, 127, 0, 217, 163, 252, 115, 108, 116, 25, 103, 194, 186, 107, 110, 195, 143, 158, 12, 132, 101, 250, 97, 64, 208, 47, 155, 21, 243, 19, 27, 106, 132, 157, 139, 171, 62, 63, 226, 172, 243, 233, 243, 176, 153, 8, 124, 90, 138, 78, 40, 29, 25, 243, 36, 95]", value: "typexs", path: [Left("[179, 46, 97, 226, 12, 122, 66, 217, 108, 0, 158, 118, 22, 92, 235, 132, 9, 255, 179, 246, 85, 184, 237, 196, 9, 41, 12, 95, 229, 99, 30, 128, 7, 110, 123, 219, 28, 192, 53, 233, 27, 157, 162, 128, 221, 240, 202, 186, 72, 220, 227, 72, 64, 205, 153, 155, 191, 222, 28, 253, 6, 12, 221, 183]"), Right("[175, 13, 171, 191, 254, 201, 21, 15, 107, 245, 163, 99, 10, 14, 88, 87, 204, 9, 63, 95, 235, 242, 88, 221, 83, 73, 199, 240, 244, 138, 114, 18, 55, 143, 114, 101, 169, 73, 56, 3, 1, 7, 227, 232, 139, 150, 189, 35, 19, 190, 172, 206, 47, 77, 51, 36, 215, 129, 146, 71, 45, 198, 185, 95]"), Left("[185, 249, 152, 192, 59, 153, 3, 98, 91, 224, 163, 202, 244, 163, 212, 241, 51, 195, 106, 119, 48, 6, 187, 168, 157, 74, 127, 230, 93, 27, 179, 61, 189, 5, 7, 130, 104, 243, 241, 240, 248, 155, 11, 228, 40, 73, 165, 159, 92, 202, 114, 217, 215, 166, 43, 211, 88, 110, 53, 155, 113, 5, 114, 22]"), Left("[229, 71, 239, 242, 147, 193, 207, 102, 123, 160, 84, 227, 101, 34, 22, 209, 63, 96, 150, 135, 248, 157, 52, 215, 142, 113, 115, 97, 231, 202, 175, 56, 78, 54, 202, 19, 218, 93, 39, 252, 88, 122, 77, 88, 35, 174, 72, 118, 242, 7, 10, 105, 137, 155, 248, 211, 43, 58, 26, 177, 118, 222, 20, 15]"), Left("[231, 85, 164, 138, 149, 153, 111, 142, 71, 230, 58, 46, 230, 224, 124, 28, 153, 196, 110, 23, 85, 101, 219, 13, 38, 90, 128, 222, 129, 255, 202, 174, 218, 157, 134, 97, 42, 133, 197, 23, 117, 224, 210, 126, 199, 114, 106, 252, 3, 213, 171, 44, 57, 132, 103, 161, 108, 24, 145, 209, 154, 252, 215, 39]")] }2019-11-09 17:38:23,949 INFO  [state] call_type: TransactionExecuted, sender: 0xb8b3666d8fea887d97ab54f571b8e5020c5c8b58, transaction_hash: 0x5a0700d3c67384a87e76d7987023b173df4ffccadbd7fd0bf07d2a61cf1acb3b, success: true, error: None
2019-11-09 17:38:23,949 INFO  [oasis_chain::blockchain] Mined block number 161 containing transaction 0x5a0700d3c67384a87e76d7987023b173df4ffccadbd7fd0bf07d2a61cf1acb3b. Gas used: 0x90d3c
2019-11-09 17:38:54,427 INFO  [ws::io] Accepted a new tcp connection from 127.0.0.1:33988.
2019-11-09 17:38:56,436 INFO  [state] call_type: TransactionExecuted, sender: 0xb8b3666d8fea887d97ab54f571b8e5020c5c8b58, transaction_hash: 0x05a0ce9580e34d2ac7eb8dfe890a444645baed577274e79c5cfe1e89f0482b7c, success: true, error: None
2019-11-09 17:38:56,436 INFO  [oasis_chain::blockchain] Mined block number 162 containing transaction 0x05a0ce9580e34d2ac7eb8dfe890a444645baed577274e79c5cfe1e89f0482b7c. Gas used: 0x6484c8
2019-11-09 17:38:58,031 INFO  [state] call_type: TransactionExecuted, sender: 0xb8b3666d8fea887d97ab54f571b8e5020c5c8b58, transaction_hash: 0xe252310feb77f22513a18f23e8f821c3721824198bc38179358643a20f5adc8f, success: true, error: None
2019-11-09 17:38:58,031 INFO  [oasis_chain::blockchain] Mined block number 163 containing transaction 0xe252310feb77f22513a18f23e8f821c3721824198bc38179358643a20f5adc8f. Gas used: 0x4557e3
í®“í°°19-11-09 17:38:58,281 INFO  [state] call_type: TransactionExecuted, sender: 0xb8b3666d8fea887d97ab54f571b8e5020c5c8b58, transaction_hash: 0x69baa9677d78ad029447bc53bd3d893de72be525f161ae0ffc15fe09402d559f, success: true, error: None
2019-11-09 17:38:58,281 INFO  [oasis_chain::blockchain] Mined block number 164 containing transaction 0x69baa9677d78ad029447bc53bd3d893de72be525f161ae0ffc15fe09402d559f. Gas used: 0x2e43f
x*0xc9436631f061b318802dc359e4b45fb05837f879x*0xc9436631f061b318802dc359e4b45fb05837f8792019-11-09 17:38:58,409 INFO  [state] call_type: TransactionExecuted, sender: 0xb8b3666d8fea887d97ab54f571b8e5020c5c8b58, transaction_hash: 0x65adabdba890066697dcafbf99c1df4b669c5053e2776fd7f218fa48ce85f241, success: true, error: None
2019-11-09 17:38:58,409 INFO  [oasis_chain::blockchain] Mined block number 165 containing transaction 0x65adabdba890066697dcafbf99c1df4b669c5053e2776fd7f218fa48ce85f241. Gas used: 0x2f472
vm error: Reverted
x2Only the amdin can register the public_parameters.í¢‚í¾±9-11-09 17:38:58,984 INFO  [state] call_type: TransactionExecuted, sender: 0xb8b3666d8fea887d97ab54f571b8e5020c5c8b58, transaction_hash: 0x7764e8d9c59c67fa13abd670b2d3ece21ccfd573c8740ee2d690ad557547a868, success: true, error: None
2019-11-09 17:38:58,984 INFO  [oasis_chain::blockchain] Mined block number 166 containing transaction 0x7764e8d9c59c67fa13abd670b2d3ece21ccfd573c8740ee2d690ad557547a868. Gas used: 0x5115c
í®“í°°19-11-09 17:38:59,102 INFO  [state] call_type: TransactionExecuted, sender: 0xb8b3666d8fea887d97ab54f571b8e5020c5c8b58, transaction_hash: 0x8833e1410d7b8d36404e7d7831d9e0aaeea53eaed47746aa3f5a5e9d496e0b86, success: true, error: None
2019-11-09 17:38:59,102 INFO  [oasis_chain::blockchain] Mined block number 167 containing transaction 0x8833e1410d7b8d36404e7d7831d9e0aaeea53eaed47746aa3f5a5e9d496e0b86. Gas used: 0x71f77
yAProof { root_hash: "[72, 21, 131, 26, 73, 174, 157, 252, 179, 127, 0, 217, 163, 252, 115, 108, 116, 25, 103, 194, 186, 107, 110, 195, 143, 158, 12, 132, 101, 250, 97, 64, 208, 47, 155, 21, 243, 19, 27, 106, 132, 157, 139, 171, 62, 63, 226, 172, 243, 233, 243, 176, 153, 8, 124, 90, 138, 78, 40, 29, 25, 243, 36, 95]", value: "typexs", path: [Left("[179, 46, 97, 226, 12, 122, 66, 217, 108, 0, 158, 118, 22, 92, 235, 132, 9, 255, 179, 246, 85, 184, 237, 196, 9, 41, 12, 95, 229, 99, 30, 128, 7, 110, 123, 219, 28, 192, 53, 233, 27, 157, 162, 128, 221, 240, 202, 186, 72, 220, 227, 72, 64, 205, 153, 155, 191, 222, 28, 253, 6, 12, 221, 183]"), Right("[175, 13, 171, 191, 254, 201, 21, 15, 107, 245, 163, 99, 10, 14, 88, 87, 204, 9, 63, 95, 235, 242, 88, 221, 83, 73, 199, 240, 244, 138, 114, 18, 55, 143, 114, 101, 169, 73, 56, 3, 1, 7, 227, 232, 139, 150, 189, 35, 19, 190, 172, 206, 47, 77, 51, 36, 215, 129, 146, 71, 45, 198, 185, 95]"), Left("[185, 249, 152, 192, 59, 153, 3, 98, 91, 224, 163, 202, 244, 163, 212, 241, 51, 195, 106, 119, 48, 6, 187, 168, 157, 74, 127, 230, 93, 27, 179, 61, 189, 5, 7, 130, 104, 243, 241, 240, 248, 155, 11, 228, 40, 73, 165, 159, 92, 202, 114, 217, 215, 166, 43, 211, 88, 110, 53, 155, 113, 5, 114, 22]"), Left("[229, 71, 239, 242, 147, 193, 207, 102, 123, 160, 84, 227, 101, 34, 22, 209, 63, 96, 150, 135, 248, 157, 52, 215, 142, 113, 115, 97, 231, 202, 175, 56, 78, 54, 202, 19, 218, 93, 39, 252, 88, 122, 77, 88, 35, 174, 72, 118, 242, 7, 10, 105, 137, 155, 248, 211, 43, 58, 26, 177, 118, 222, 20, 15]"), Left("[231, 85, 164, 138, 149, 153, 111, 142, 71, 230, 58, 46, 230, 224, 124, 28, 153, 196, 110, 23, 85, 101, 219, 13, 38, 90, 128, 222, 129, 255, 202, 174, 218, 157, 134, 97, 42, 133, 197, 23, 117, 224, 210, 126, 199, 114, 106, 252, 3, 213, 171, 44, 57, 132, 103, 161, 108, 24, 145, 209, 154, 252, 215, 39]")] }yAProof { root_hash: "[72, 21, 131, 26, 73, 174, 157, 252, 179, 127, 0, 217, 163, 252, 115, 108, 116, 25, 103, 194, 186, 107, 110, 195, 143, 158, 12, 132, 101, 250, 97, 64, 208, 47, 155, 21, 243, 19, 27, 106, 132, 157, 139, 171, 62, 63, 226, 172, 243, 233, 243, 176, 153, 8, 124, 90, 138, 78, 40, 29, 25, 243, 36, 95]", value: "typexs", path: [Left("[179, 46, 97, 226, 12, 122, 66, 217, 108, 0, 158, 118, 22, 92, 235, 132, 9, 255, 179, 246, 85, 184, 237, 196, 9, 41, 12, 95, 229, 99, 30, 128, 7, 110, 123, 219, 28, 192, 53, 233, 27, 157, 162, 128, 221, 240, 202, 186, 72, 220, 227, 72, 64, 205, 153, 155, 191, 222, 28, 253, 6, 12, 221, 183]"), Right("[175, 13, 171, 191, 254, 201, 21, 15, 107, 245, 163, 99, 10, 14, 88, 87, 204, 9, 63, 95, 235, 242, 88, 221, 83, 73, 199, 240, 244, 138, 114, 18, 55, 143, 114, 101, 169, 73, 56, 3, 1, 7, 227, 232, 139, 150, 189, 35, 19, 190, 172, 206, 47, 77, 51, 36, 215, 129, 146, 71, 45, 198, 185, 95]"), Left("[185, 249, 152, 192, 59, 153, 3, 98, 91, 224, 163, 202, 244, 163, 212, 241, 51, 195, 106, 119, 48, 6, 187, 168, 157, 74, 127, 230, 93, 27, 179, 61, 189, 5, 7, 130, 104, 243, 241, 240, 248, 155, 11, 228, 40, 73, 165, 159, 92, 202, 114, 217, 215, 166, 43, 211, 88, 110, 53, 155, 113, 5, 114, 22]"), Left("[229, 71, 239, 242, 147, 193, 207, 102, 123, 160, 84, 227, 101, 34, 22, 209, 63, 96, 150, 135, 248, 157, 52, 215, 142, 113, 115, 97, 231, 202, 175, 56, 78, 54, 202, 19, 218, 93, 39, 252, 88, 122, 77, 88, 35, 174, 72, 118, 242, 7, 10, 105, 137, 155, 248, 211, 43, 58, 26, 177, 118, 222, 20, 15]"), Left("[231, 85, 164, 138, 149, 153, 111, 142, 71, 230, 58, 46, 230, 224, 124, 28, 153, 196, 110, 23, 85, 101, 219, 13, 38, 90, 128, 222, 129, 255, 202, 174, 218, 157, 134, 97, 42, 133, 197, 23, 117, 224, 210, 126, 199, 114, 106, 252, 3, 213, 171, 44, 57, 132, 103, 161, 108, 24, 145, 209, 154, 252, 215, 39]")] }2019-11-09 17:38:59,320 INFO  [state] call_type: TransactionExecuted, sender: 0xb8b3666d8fea887d97ab54f571b8e5020c5c8b58, transaction_hash: 0xdfe56eaea9152e17e66a4fcbd5cc2942e1d61d17969fba6e45e55c01916920bf, success: true, error: None
2019-11-09 17:38:59,320 INFO  [oasis_chain::blockchain] Mined block number 168 containing transaction 0xdfe56eaea9152e17e66a4fcbd5cc2942e1d61d17969fba6e45e55c01916920bf. Gas used: 0xb92833
yAProof { root_hash: "[72, 21, 131, 26, 73, 174, 157, 252, 179, 127, 0, 217, 163, 252, 115, 108, 116, 25, 103, 194, 186, 107, 110, 195, 143, 158, 12, 132, 101, 250, 97, 64, 208, 47, 155, 21, 243, 19, 27, 106, 132, 157, 139, 171, 62, 63, 226, 172, 243, 233, 243, 176, 153, 8, 124, 90, 138, 78, 40, 29, 25, 243, 36, 95]", value: "typexs", path: [Left("[179, 46, 97, 226, 12, 122, 66, 217, 108, 0, 158, 118, 22, 92, 235, 132, 9, 255, 179, 246, 85, 184, 237, 196, 9, 41, 12, 95, 229, 99, 30, 128, 7, 110, 123, 219, 28, 192, 53, 233, 27, 157, 162, 128, 221, 240, 202, 186, 72, 220, 227, 72, 64, 205, 153, 155, 191, 222, 28, 253, 6, 12, 221, 183]"), Right("[175, 13, 171, 191, 254, 201, 21, 15, 107, 245, 163, 99, 10, 14, 88, 87, 204, 9, 63, 95, 235, 242, 88, 221, 83, 73, 199, 240, 244, 138, 114, 18, 55, 143, 114, 101, 169, 73, 56, 3, 1, 7, 227, 232, 139, 150, 189, 35, 19, 190, 172, 206, 47, 77, 51, 36, 215, 129, 146, 71, 45, 198, 185, 95]"), Left("[185, 249, 152, 192, 59, 153, 3, 98, 91, 224, 163, 202, 244, 163, 212, 241, 51, 195, 106, 119, 48, 6, 187, 168, 157, 74, 127, 230, 93, 27, 179, 61, 189, 5, 7, 130, 104, 243, 241, 240, 248, 155, 11, 228, 40, 73, 165, 159, 92, 202, 114, 217, 215, 166, 43, 211, 88, 110, 53, 155, 113, 5, 114, 22]"), Left("[229, 71, 239, 242, 147, 193, 207, 102, 123, 160, 84, 227, 101, 34, 22, 209, 63, 96, 150, 135, 248, 157, 52, 215, 142, 113, 115, 97, 231, 202, 175, 56, 78, 54, 202, 19, 218, 93, 39, 252, 88, 122, 77, 88, 35, 174, 72, 118, 242, 7, 10, 105, 137, 155, 248, 211, 43, 58, 26, 177, 118, 222, 20, 15]"), Left("[231, 85, 164, 138, 149, 153, 111, 142, 71, 230, 58, 46, 230, 224, 124, 28, 153, 196, 110, 23, 85, 101, 219, 13, 38, 90, 128, 222, 129, 255, 202, 174, 218, 157, 134, 97, 42, 133, 197, 23, 117, 224, 210, 126, 199, 114, 106, 252, 3, 213, 171, 44, 57, 132, 103, 161, 108, 24, 145, 209, 154, 252, 215, 39]")] }yAProof { root_hash: "[72, 21, 131, 26, 73, 174, 157, 252, 179, 127, 0, 217, 163, 252, 115, 108, 116, 25, 103, 194, 186, 107, 110, 195, 143, 158, 12, 132, 101, 250, 97, 64, 208, 47, 155, 21, 243, 19, 27, 106, 132, 157, 139, 171, 62, 63, 226, 172, 243, 233, 243, 176, 153, 8, 124, 90, 138, 78, 40, 29, 25, 243, 36, 95]", value: "typexs", path: [Left("[179, 46, 97, 226, 12, 122, 66, 217, 108, 0, 158, 118, 22, 92, 235, 132, 9, 255, 179, 246, 85, 184, 237, 196, 9, 41, 12, 95, 229, 99, 30, 128, 7, 110, 123, 219, 28, 192, 53, 233, 27, 157, 162, 128, 221, 240, 202, 186, 72, 220, 227, 72, 64, 205, 153, 155, 191, 222, 28, 253, 6, 12, 221, 183]"), Right("[175, 13, 171, 191, 254, 201, 21, 15, 107, 245, 163, 99, 10, 14, 88, 87, 204, 9, 63, 95, 235, 242, 88, 221, 83, 73, 199, 240, 244, 138, 114, 18, 55, 143, 114, 101, 169, 73, 56, 3, 1, 7, 227, 232, 139, 150, 189, 35, 19, 190, 172, 206, 47, 77, 51, 36, 215, 129, 146, 71, 45, 198, 185, 95]"), Left("[185, 249, 152, 192, 59, 153, 3, 98, 91, 224, 163, 202, 244, 163, 212, 241, 51, 195, 106, 119, 48, 6, 187, 168, 157, 74, 127, 230, 93, 27, 179, 61, 189, 5, 7, 130, 104, 243, 241, 240, 248, 155, 11, 228, 40, 73, 165, 159, 92, 202, 114, 217, 215, 166, 43, 211, 88, 110, 53, 155, 113, 5, 114, 22]"), Left("[229, 71, 239, 242, 147, 193, 207, 102, 123, 160, 84, 227, 101, 34, 22, 209, 63, 96, 150, 135, 248, 157, 52, 215, 142, 113, 115, 97, 231, 202, 175, 56, 78, 54, 202, 19, 218, 93, 39, 252, 88, 122, 77, 88, 35, 174, 72, 118, 242, 7, 10, 105, 137, 155, 248, 211, 43, 58, 26, 177, 118, 222, 20, 15]"), Left("[231, 85, 164, 138, 149, 153, 111, 142, 71, 230, 58, 46, 230, 224, 124, 28, 153, 196, 110, 23, 85, 101, 219, 13, 38, 90, 128, 222, 129, 255, 202, 174, 218, 157, 134, 97, 42, 133, 197, 23, 117, 224, 210, 126, 199, 114, 106, 252, 3, 213, 171, 44, 57, 132, 103, 161, 108, 24, 145, 209, 154, 252, 215, 39]")] }2019-11-09 17:38:59,444 INFO  [state] call_type: TransactionExecuted, sender: 0xb8b3666d8fea887d97ab54f571b8e5020c5c8b58, transaction_hash: 0x70606b3d25011c53d33222d57dedc1d8579a263245b7268144741b41ed06ca34, success: true, error: None
2019-11-09 17:38:59,444 INFO  [oasis_chain::blockchain] Mined block number 169 containing transaction 0x70606b3d25011c53d33222d57dedc1d8579a263245b7268144741b41ed06ca34. Gas used: 0x90d3c
2019-11-09 17:39:35,245 INFO  [ws::io] Accepted a new tcp connection from 127.0.0.1:33996.
2019-11-09 17:39:37,217 INFO  [state] call_type: TransactionExecuted, sender: 0xb8b3666d8fea887d97ab54f571b8e5020c5c8b58, transaction_hash: 0x21cd4b0c8de766ee781d0c975388f6fe49880b870757fb38326dad2539bb0a98, success: true, error: None
2019-11-09 17:39:37,218 INFO  [oasis_chain::blockchain] Mined block number 170 containing transaction 0x21cd4b0c8de766ee781d0c975388f6fe49880b870757fb38326dad2539bb0a98. Gas used: 0x6484c8
2019-11-09 17:39:38,782 INFO  [state] call_type: TransactionExecuted, sender: 0xb8b3666d8fea887d97ab54f571b8e5020c5c8b58, transaction_hash: 0x1e787289666735508128b0a02ec3ae7a838e4ed574212b68dd7725268ac8bc9e, success: true, error: None
2019-11-09 17:39:38,782 INFO  [oasis_chain::blockchain] Mined block number 171 containing transaction 0x1e787289666735508128b0a02ec3ae7a838e4ed574212b68dd7725268ac8bc9e. Gas used: 0x4557e3
í®“í°°19-11-09 17:39:39,025 INFO  [state] call_type: TransactionExecuted, sender: 0xb8b3666d8fea887d97ab54f571b8e5020c5c8b58, transaction_hash: 0xac78f693a430c8da3cfeb6e9dc3efc45b7c0a137e93c4cbec8e8b5563b9d9095, success: true, error: None
2019-11-09 17:39:39,025 INFO  [oasis_chain::blockchain] Mined block number 172 containing transaction 0xac78f693a430c8da3cfeb6e9dc3efc45b7c0a137e93c4cbec8e8b5563b9d9095. Gas used: 0x2e43f
x*0xc1d5d28124f606df3ba3b03a723a7ab6570168e5x*0xc1d5d28124f606df3ba3b03a723a7ab6570168e52019-11-09 17:39:39,128 INFO  [state] call_type: TransactionExecuted, sender: 0xb8b3666d8fea887d97ab54f571b8e5020c5c8b58, transaction_hash: 0xeb1282d807dd957e0574400665431a50e74f56f1f8c2a6eaf04dd274d8af48d8, success: true, error: None
2019-11-09 17:39:39,128 INFO  [oasis_chain::blockchain] Mined block number 173 containing transaction 0xeb1282d807dd957e0574400665431a50e74f56f1f8c2a6eaf04dd274d8af48d8. Gas used: 0x2f472
vm error: Reverted
x2Only the amdin can register the public_parameters.í¢‚í¾±9-11-09 17:39:39,715 INFO  [state] call_type: TransactionExecuted, sender: 0xb8b3666d8fea887d97ab54f571b8e5020c5c8b58, transaction_hash: 0x9b04214051e63824957d79e4c4d0cb11f0afcf1724197ccac7e059d5017f854d, success: true, error: None
2019-11-09 17:39:39,715 INFO  [oasis_chain::blockchain] Mined block number 174 containing transaction 0x9b04214051e63824957d79e4c4d0cb11f0afcf1724197ccac7e059d5017f854d. Gas used: 0x5115c
í®“í°°19-11-09 17:39:39,823 INFO  [state] call_type: TransactionExecuted, sender: 0xb8b3666d8fea887d97ab54f571b8e5020c5c8b58, transaction_hash: 0xb88a6c040e74ee044059f58bef76804f3d28c27374048c8f2788faa64d0d3db9, success: true, error: None
2019-11-09 17:39:39,823 INFO  [oasis_chain::blockchain] Mined block number 175 containing transaction 0xb88a6c040e74ee044059f58bef76804f3d28c27374048c8f2788faa64d0d3db9. Gas used: 0x71f77
yAProof { root_hash: "[72, 21, 131, 26, 73, 174, 157, 252, 179, 127, 0, 217, 163, 252, 115, 108, 116, 25, 103, 194, 186, 107, 110, 195, 143, 158, 12, 132, 101, 250, 97, 64, 208, 47, 155, 21, 243, 19, 27, 106, 132, 157, 139, 171, 62, 63, 226, 172, 243, 233, 243, 176, 153, 8, 124, 90, 138, 78, 40, 29, 25, 243, 36, 95]", value: "typexs", path: [Left("[179, 46, 97, 226, 12, 122, 66, 217, 108, 0, 158, 118, 22, 92, 235, 132, 9, 255, 179, 246, 85, 184, 237, 196, 9, 41, 12, 95, 229, 99, 30, 128, 7, 110, 123, 219, 28, 192, 53, 233, 27, 157, 162, 128, 221, 240, 202, 186, 72, 220, 227, 72, 64, 205, 153, 155, 191, 222, 28, 253, 6, 12, 221, 183]"), Right("[175, 13, 171, 191, 254, 201, 21, 15, 107, 245, 163, 99, 10, 14, 88, 87, 204, 9, 63, 95, 235, 242, 88, 221, 83, 73, 199, 240, 244, 138, 114, 18, 55, 143, 114, 101, 169, 73, 56, 3, 1, 7, 227, 232, 139, 150, 189, 35, 19, 190, 172, 206, 47, 77, 51, 36, 215, 129, 146, 71, 45, 198, 185, 95]"), Left("[185, 249, 152, 192, 59, 153, 3, 98, 91, 224, 163, 202, 244, 163, 212, 241, 51, 195, 106, 119, 48, 6, 187, 168, 157, 74, 127, 230, 93, 27, 179, 61, 189, 5, 7, 130, 104, 243, 241, 240, 248, 155, 11, 228, 40, 73, 165, 159, 92, 202, 114, 217, 215, 166, 43, 211, 88, 110, 53, 155, 113, 5, 114, 22]"), Left("[229, 71, 239, 242, 147, 193, 207, 102, 123, 160, 84, 227, 101, 34, 22, 209, 63, 96, 150, 135, 248, 157, 52, 215, 142, 113, 115, 97, 231, 202, 175, 56, 78, 54, 202, 19, 218, 93, 39, 252, 88, 122, 77, 88, 35, 174, 72, 118, 242, 7, 10, 105, 137, 155, 248, 211, 43, 58, 26, 177, 118, 222, 20, 15]"), Left("[231, 85, 164, 138, 149, 153, 111, 142, 71, 230, 58, 46, 230, 224, 124, 28, 153, 196, 110, 23, 85, 101, 219, 13, 38, 90, 128, 222, 129, 255, 202, 174, 218, 157, 134, 97, 42, 133, 197, 23, 117, 224, 210, 126, 199, 114, 106, 252, 3, 213, 171, 44, 57, 132, 103, 161, 108, 24, 145, 209, 154, 252, 215, 39]")] }yAProof { root_hash: "[72, 21, 131, 26, 73, 174, 157, 252, 179, 127, 0, 217, 163, 252, 115, 108, 116, 25, 103, 194, 186, 107, 110, 195, 143, 158, 12, 132, 101, 250, 97, 64, 208, 47, 155, 21, 243, 19, 27, 106, 132, 157, 139, 171, 62, 63, 226, 172, 243, 233, 243, 176, 153, 8, 124, 90, 138, 78, 40, 29, 25, 243, 36, 95]", value: "typexs", path: [Left("[179, 46, 97, 226, 12, 122, 66, 217, 108, 0, 158, 118, 22, 92, 235, 132, 9, 255, 179, 246, 85, 184, 237, 196, 9, 41, 12, 95, 229, 99, 30, 128, 7, 110, 123, 219, 28, 192, 53, 233, 27, 157, 162, 128, 221, 240, 202, 186, 72, 220, 227, 72, 64, 205, 153, 155, 191, 222, 28, 253, 6, 12, 221, 183]"), Right("[175, 13, 171, 191, 254, 201, 21, 15, 107, 245, 163, 99, 10, 14, 88, 87, 204, 9, 63, 95, 235, 242, 88, 221, 83, 73, 199, 240, 244, 138, 114, 18, 55, 143, 114, 101, 169, 73, 56, 3, 1, 7, 227, 232, 139, 150, 189, 35, 19, 190, 172, 206, 47, 77, 51, 36, 215, 129, 146, 71, 45, 198, 185, 95]"), Left("[185, 249, 152, 192, 59, 153, 3, 98, 91, 224, 163, 202, 244, 163, 212, 241, 51, 195, 106, 119, 48, 6, 187, 168, 157, 74, 127, 230, 93, 27, 179, 61, 189, 5, 7, 130, 104, 243, 241, 240, 248, 155, 11, 228, 40, 73, 165, 159, 92, 202, 114, 217, 215, 166, 43, 211, 88, 110, 53, 155, 113, 5, 114, 22]"), Left("[229, 71, 239, 242, 147, 193, 207, 102, 123, 160, 84, 227, 101, 34, 22, 209, 63, 96, 150, 135, 248, 157, 52, 215, 142, 113, 115, 97, 231, 202, 175, 56, 78, 54, 202, 19, 218, 93, 39, 252, 88, 122, 77, 88, 35, 174, 72, 118, 242, 7, 10, 105, 137, 155, 248, 211, 43, 58, 26, 177, 118, 222, 20, 15]"), Left("[231, 85, 164, 138, 149, 153, 111, 142, 71, 230, 58, 46, 230, 224, 124, 28, 153, 196, 110, 23, 85, 101, 219, 13, 38, 90, 128, 222, 129, 255, 202, 174, 218, 157, 134, 97, 42, 133, 197, 23, 117, 224, 210, 126, 199, 114, 106, 252, 3, 213, 171, 44, 57, 132, 103, 161, 108, 24, 145, 209, 154, 252, 215, 39]")] }2019-11-09 17:39:40,038 INFO  [state] call_type: TransactionExecuted, sender: 0xb8b3666d8fea887d97ab54f571b8e5020c5c8b58, transaction_hash: 0xbff9952e9eb6ee6bf445a54c63705ddb617844453a90a557b7b181aeb1d12b8b, success: true, error: None
2019-11-09 17:39:40,038 INFO  [oasis_chain::blockchain] Mined block number 176 containing transaction 0xbff9952e9eb6ee6bf445a54c63705ddb617844453a90a557b7b181aeb1d12b8b. Gas used: 0xb92833
yAProof { root_hash: "[72, 21, 131, 26, 73, 174, 157, 252, 179, 127, 0, 217, 163, 252, 115, 108, 116, 25, 103, 194, 186, 107, 110, 195, 143, 158, 12, 132, 101, 250, 97, 64, 208, 47, 155, 21, 243, 19, 27, 106, 132, 157, 139, 171, 62, 63, 226, 172, 243, 233, 243, 176, 153, 8, 124, 90, 138, 78, 40, 29, 25, 243, 36, 95]", value: "typexs", path: [Left("[179, 46, 97, 226, 12, 122, 66, 217, 108, 0, 158, 118, 22, 92, 235, 132, 9, 255, 179, 246, 85, 184, 237, 196, 9, 41, 12, 95, 229, 99, 30, 128, 7, 110, 123, 219, 28, 192, 53, 233, 27, 157, 162, 128, 221, 240, 202, 186, 72, 220, 227, 72, 64, 205, 153, 155, 191, 222, 28, 253, 6, 12, 221, 183]"), Right("[175, 13, 171, 191, 254, 201, 21, 15, 107, 245, 163, 99, 10, 14, 88, 87, 204, 9, 63, 95, 235, 242, 88, 221, 83, 73, 199, 240, 244, 138, 114, 18, 55, 143, 114, 101, 169, 73, 56, 3, 1, 7, 227, 232, 139, 150, 189, 35, 19, 190, 172, 206, 47, 77, 51, 36, 215, 129, 146, 71, 45, 198, 185, 95]"), Left("[185, 249, 152, 192, 59, 153, 3, 98, 91, 224, 163, 202, 244, 163, 212, 241, 51, 195, 106, 119, 48, 6, 187, 168, 157, 74, 127, 230, 93, 27, 179, 61, 189, 5, 7, 130, 104, 243, 241, 240, 248, 155, 11, 228, 40, 73, 165, 159, 92, 202, 114, 217, 215, 166, 43, 211, 88, 110, 53, 155, 113, 5, 114, 22]"), Left("[229, 71, 239, 242, 147, 193, 207, 102, 123, 160, 84, 227, 101, 34, 22, 209, 63, 96, 150, 135, 248, 157, 52, 215, 142, 113, 115, 97, 231, 202, 175, 56, 78, 54, 202, 19, 218, 93, 39, 252, 88, 122, 77, 88, 35, 174, 72, 118, 242, 7, 10, 105, 137, 155, 248, 211, 43, 58, 26, 177, 118, 222, 20, 15]"), Left("[231, 85, 164, 138, 149, 153, 111, 142, 71, 230, 58, 46, 230, 224, 124, 28, 153, 196, 110, 23, 85, 101, 219, 13, 38, 90, 128, 222, 129, 255, 202, 174, 218, 157, 134, 97, 42, 133, 197, 23, 117, 224, 210, 126, 199, 114, 106, 252, 3, 213, 171, 44, 57, 132, 103, 161, 108, 24, 145, 209, 154, 252, 215, 39]")] }yAProof { root_hash: "[72, 21, 131, 26, 73, 174, 157, 252, 179, 127, 0, 217, 163, 252, 115, 108, 116, 25, 103, 194, 186, 107, 110, 195, 143, 158, 12, 132, 101, 250, 97, 64, 208, 47, 155, 21, 243, 19, 27, 106, 132, 157, 139, 171, 62, 63, 226, 172, 243, 233, 243, 176, 153, 8, 124, 90, 138, 78, 40, 29, 25, 243, 36, 95]", value: "typexs", path: [Left("[179, 46, 97, 226, 12, 122, 66, 217, 108, 0, 158, 118, 22, 92, 235, 132, 9, 255, 179, 246, 85, 184, 237, 196, 9, 41, 12, 95, 229, 99, 30, 128, 7, 110, 123, 219, 28, 192, 53, 233, 27, 157, 162, 128, 221, 240, 202, 186, 72, 220, 227, 72, 64, 205, 153, 155, 191, 222, 28, 253, 6, 12, 221, 183]"), Right("[175, 13, 171, 191, 254, 201, 21, 15, 107, 245, 163, 99, 10, 14, 88, 87, 204, 9, 63, 95, 235, 242, 88, 221, 83, 73, 199, 240, 244, 138, 114, 18, 55, 143, 114, 101, 169, 73, 56, 3, 1, 7, 227, 232, 139, 150, 189, 35, 19, 190, 172, 206, 47, 77, 51, 36, 215, 129, 146, 71, 45, 198, 185, 95]"), Left("[185, 249, 152, 192, 59, 153, 3, 98, 91, 224, 163, 202, 244, 163, 212, 241, 51, 195, 106, 119, 48, 6, 187, 168, 157, 74, 127, 230, 93, 27, 179, 61, 189, 5, 7, 130, 104, 243, 241, 240, 248, 155, 11, 228, 40, 73, 165, 159, 92, 202, 114, 217, 215, 166, 43, 211, 88, 110, 53, 155, 113, 5, 114, 22]"), Left("[229, 71, 239, 242, 147, 193, 207, 102, 123, 160, 84, 227, 101, 34, 22, 209, 63, 96, 150, 135, 248, 157, 52, 215, 142, 113, 115, 97, 231, 202, 175, 56, 78, 54, 202, 19, 218, 93, 39, 252, 88, 122, 77, 88, 35, 174, 72, 118, 242, 7, 10, 105, 137, 155, 248, 211, 43, 58, 26, 177, 118, 222, 20, 15]"), Left("[231, 85, 164, 138, 149, 153, 111, 142, 71, 230, 58, 46, 230, 224, 124, 28, 153, 196, 110, 23, 85, 101, 219, 13, 38, 90, 128, 222, 129, 255, 202, 174, 218, 157, 134, 97, 42, 133, 197, 23, 117, 224, 210, 126, 199, 114, 106, 252, 3, 213, 171, 44, 57, 132, 103, 161, 108, 24, 145, 209, 154, 252, 215, 39]")] }2019-11-09 17:39:40,150 INFO  [state] call_type: TransactionExecuted, sender: 0xb8b3666d8fea887d97ab54f571b8e5020c5c8b58, transaction_hash: 0x427fe6693d4c813cc0e02eacaf5254d0e3a0ad046efd9098d580a7b868663038, success: true, error: None
2019-11-09 17:39:40,150 INFO  [oasis_chain::blockchain] Mined block number 177 containing transaction 0x427fe6693d4c813cc0e02eacaf5254d0e3a0ad046efd9098d580a7b868663038. Gas used: 0x90d3c

